 1.00000000e+06  2.27224112e-12 
 1.02329299e+06  2.27150418e-12 
 1.04712855e+06  2.27078347e-12 
 1.07151931e+06  2.27007860e-12 
 1.09647820e+06  2.26938921e-12 
 1.12201845e+06  2.26871494e-12 
 1.14815362e+06  2.26805543e-12 
 1.17489755e+06  2.26741035e-12 
 1.20226443e+06  2.26677934e-12 
 1.23026877e+06  2.26616208e-12 
 1.25892541e+06  2.26555824e-12 
 1.28824955e+06  2.26496749e-12 
 1.31825674e+06  2.26438953e-12 
 1.34896288e+06  2.26382404e-12 
 1.38038426e+06  2.26327072e-12 
 1.41253754e+06  2.26272926e-12 
 1.44543977e+06  2.26219939e-12 
 1.47910839e+06  2.26168080e-12 
 1.51356125e+06  2.26117322e-12 
 1.54881662e+06  2.26067636e-12 
 1.58489319e+06  2.26018995e-12 
 1.62181010e+06  2.25971373e-12 
 1.65958691e+06  2.25924742e-12 
 1.69824365e+06  2.25879077e-12 
 1.73780083e+06  2.25834352e-12 
 1.77827941e+06  2.25790540e-12 
 1.81970086e+06  2.25747619e-12 
 1.86208714e+06  2.25705562e-12 
 1.90546072e+06  2.25664345e-12 
 1.94984460e+06  2.25623944e-12 
 1.99526231e+06  2.25584336e-12 
 2.04173794e+06  2.25545497e-12 
 2.08929613e+06  2.25507404e-12 
 2.13796209e+06  2.25470033e-12 
 2.18776162e+06  2.25433362e-12 
 2.23872114e+06  2.25397368e-12 
 2.29086765e+06  2.25362029e-12 
 2.34422882e+06  2.25327322e-12 
 2.39883292e+06  2.25293226e-12 
 2.45470892e+06  2.25259718e-12 
 2.51188643e+06  2.25226776e-12 
 2.57039578e+06  2.25194379e-12 
 2.63026799e+06  2.25162505e-12 
 2.69153480e+06  2.25131132e-12 
 2.75422870e+06  2.25100238e-12 
 2.81838293e+06  2.25069802e-12 
 2.88403150e+06  2.25039801e-12 
 2.95120923e+06  2.25010215e-12 
 3.01995172e+06  2.24981021e-12 
 3.09029543e+06  2.24952198e-12 
 3.16227766e+06  2.24923722e-12 
 3.23593657e+06  2.24895573e-12 
 3.31131121e+06  2.24867727e-12 
 3.38844156e+06  2.24840163e-12 
 3.46736850e+06  2.24812857e-12 
 3.54813389e+06  2.24785786e-12 
 3.63078055e+06  2.24758927e-12 
 3.71535229e+06  2.24732257e-12 
 3.80189396e+06  2.24705751e-12 
 3.89045145e+06  2.24679384e-12 
 3.98107171e+06  2.24653134e-12 
 4.07380278e+06  2.24626973e-12 
 4.16869383e+06  2.24600877e-12 
 4.26579519e+06  2.24574820e-12 
 4.36515832e+06  2.24548774e-12 
 4.46683592e+06  2.24522713e-12 
 4.57088190e+06  2.24496609e-12 
 4.67735141e+06  2.24470433e-12 
 4.78630092e+06  2.24444156e-12 
 4.89778819e+06  2.24417748e-12 
 5.01187234e+06  2.24391178e-12 
 5.12861384e+06  2.24364416e-12 
 5.24807460e+06  2.24337428e-12 
 5.37031796e+06  2.24310181e-12 
 5.49540874e+06  2.24282642e-12 
 5.62341325e+06  2.24254774e-12 
 5.75439937e+06  2.24226541e-12 
 5.88843655e+06  2.24197907e-12 
 6.02559586e+06  2.24168832e-12 
 6.16595002e+06  2.24139276e-12 
 6.30957344e+06  2.24109199e-12 
 6.45654229e+06  2.24078558e-12 
 6.60693448e+06  2.24047310e-12 
 6.76082975e+06  2.24015408e-12 
 6.91830971e+06  2.23982806e-12 
 7.07945784e+06  2.23949457e-12 
 7.24435960e+06  2.23915309e-12 
 7.41310241e+06  2.23880311e-12 
 7.58577575e+06  2.23844409e-12 
 7.76247117e+06  2.23807549e-12 
 7.94328235e+06  2.23769673e-12 
 8.12830516e+06  2.23730722e-12 
 8.31763771e+06  2.23690635e-12 
 8.51138038e+06  2.23649348e-12 
 8.70963590e+06  2.23606796e-12 
 8.91250938e+06  2.23562910e-12 
 9.12010839e+06  2.23517622e-12 
 9.33254301e+06  2.23470859e-12 
 9.54992586e+06  2.23422545e-12 
 9.77237221e+06  2.23372604e-12 
 1.00000000e+07  2.23320955e-12 
 1.02329299e+07  2.23267517e-12 
 1.04712855e+07  2.23212203e-12 
 1.07151931e+07  2.23154927e-12 
 1.09647820e+07  2.23095597e-12 
 1.12201845e+07  2.23034121e-12 
 1.14815362e+07  2.22970401e-12 
 1.17489755e+07  2.22904339e-12 
 1.20226443e+07  2.22835833e-12 
 1.23026877e+07  2.22764778e-12 
 1.25892541e+07  2.22691067e-12 
 1.28824955e+07  2.22614588e-12 
 1.31825674e+07  2.22535229e-12 
 1.34896288e+07  2.22452872e-12 
 1.38038426e+07  2.22367400e-12 
 1.41253754e+07  2.22278690e-12 
 1.44543977e+07  2.22186618e-12 
 1.47910839e+07  2.22091057e-12 
 1.51356125e+07  2.21991878e-12 
 1.54881662e+07  2.21888949e-12 
 1.58489319e+07  2.21782137e-12 
 1.62181010e+07  2.21671307e-12 
 1.65958691e+07  2.21556320e-12 
 1.69824365e+07  2.21437038e-12 
 1.73780083e+07  2.21313322e-12 
 1.77827941e+07  2.21185031e-12 
 1.81970086e+07  2.21052024e-12 
 1.86208714e+07  2.20914158e-12 
 1.90546072e+07  2.20771294e-12 
 1.94984460e+07  2.20623290e-12 
 1.99526231e+07  2.20470008e-12 
 2.04173794e+07  2.20311310e-12 
 2.08929613e+07  2.20147061e-12 
 2.13796209e+07  2.19977129e-12 
 2.18776162e+07  2.19801384e-12 
 2.23872114e+07  2.19619703e-12 
 2.29086765e+07  2.19431966e-12 
 2.34422882e+07  2.19238060e-12 
 2.39883292e+07  2.19037878e-12 
 2.45470892e+07  2.18831319e-12 
 2.51188643e+07  2.18618294e-12 
 2.57039578e+07  2.18398720e-12 
 2.63026799e+07  2.18172527e-12 
 2.69153480e+07  2.17939653e-12 
 2.75422870e+07  2.17700052e-12 
 2.81838293e+07  2.17453689e-12 
 2.88403150e+07  2.17200544e-12 
 2.95120923e+07  2.16940613e-12 
 3.01995172e+07  2.16673910e-12 
 3.09029543e+07  2.16400463e-12 
 3.16227766e+07  2.16120321e-12 
 3.23593657e+07  2.15833555e-12 
 3.31131121e+07  2.15540252e-12 
 3.38844156e+07  2.15240525e-12 
 3.46736850e+07  2.14934508e-12 
 3.54813389e+07  2.14622358e-12 
 3.63078055e+07  2.14304258e-12 
 3.71535229e+07  2.13980414e-12 
 3.80189396e+07  2.13651059e-12 
 3.89045145e+07  2.13316453e-12 
 3.98107171e+07  2.12976880e-12 
 4.07380278e+07  2.12632654e-12 
 4.16869383e+07  2.12284113e-12 
 4.26579519e+07  2.11931624e-12 
 4.36515832e+07  2.11575580e-12 
 4.46683592e+07  2.11216402e-12 
 4.57088190e+07  2.10854535e-12 
 4.67735141e+07  2.10490452e-12 
 4.78630092e+07  2.10124650e-12 
 4.89778819e+07  2.09757649e-12 
 5.01187234e+07  2.09389994e-12 
 5.12861384e+07  2.09022251e-12 
 5.24807460e+07  2.08655008e-12 
 5.37031796e+07  2.08288872e-12 
 5.49540874e+07  2.07924465e-12 
 5.62341325e+07  2.07562431e-12 
 5.75439937e+07  2.07203424e-12 
 5.88843655e+07  2.06848114e-12 
 6.02559586e+07  2.06497180e-12 
 6.16595002e+07  2.06151313e-12 
 6.30957344e+07  2.05811209e-12 
 6.45654229e+07  2.05477572e-12 
 6.60693448e+07  2.05151110e-12 
 6.76082975e+07  2.04832532e-12 
 6.91830971e+07  2.04522548e-12 
 7.07945784e+07  2.04221869e-12 
 7.24435960e+07  2.03931201e-12 
 7.41310241e+07  2.03651248e-12 
 7.58577575e+07  2.03382707e-12 
 7.76247117e+07  2.03126269e-12 
 7.94328235e+07  2.02882618e-12 
 8.12830516e+07  2.02652428e-12 
 8.31763771e+07  2.02436365e-12 
 8.51138038e+07  2.02235084e-12 
 8.70963590e+07  2.02049229e-12 
 8.91250938e+07  2.01879432e-12 
 9.12010839e+07  2.01726315e-12 
 9.33254301e+07  2.01590485e-12 
 9.54992586e+07  2.01472540e-12 
 9.77237221e+07  2.01373064e-12 
 1.00000000e+08  2.01292630e-12 
