 1.00000000e+06  4.96150871e-12 
 1.02329299e+06  4.93308206e-12 
 1.04712855e+06  4.90514339e-12 
 1.07151931e+06  4.87768614e-12 
 1.09647820e+06  4.85070382e-12 
 1.12201845e+06  4.82418996e-12 
 1.14815362e+06  4.79813815e-12 
 1.17489755e+06  4.77254205e-12 
 1.20226443e+06  4.74739534e-12 
 1.23026877e+06  4.72269177e-12 
 1.25892541e+06  4.69842513e-12 
 1.28824955e+06  4.67458925e-12 
 1.31825674e+06  4.65117803e-12 
 1.34896288e+06  4.62818541e-12 
 1.38038426e+06  4.60560538e-12 
 1.41253754e+06  4.58343198e-12 
 1.44543977e+06  4.56165929e-12 
 1.47910839e+06  4.54028147e-12 
 1.51356125e+06  4.51929270e-12 
 1.54881662e+06  4.49868722e-12 
 1.58489319e+06  4.47845933e-12 
 1.62181010e+06  4.45860337e-12 
 1.65958691e+06  4.43911374e-12 
 1.69824365e+06  4.41998489e-12 
 1.73780083e+06  4.40121131e-12 
 1.77827941e+06  4.38278756e-12 
 1.81970086e+06  4.36470824e-12 
 1.86208714e+06  4.34696801e-12 
 1.90546072e+06  4.32956158e-12 
 1.94984460e+06  4.31248370e-12 
 1.99526231e+06  4.29572919e-12 
 2.04173794e+06  4.27929293e-12 
 2.08929613e+06  4.26316983e-12 
 2.13796209e+06  4.24735486e-12 
 2.18776162e+06  4.23184305e-12 
 2.23872114e+06  4.21662950e-12 
 2.29086765e+06  4.20170932e-12 
 2.34422882e+06  4.18707772e-12 
 2.39883292e+06  4.17272992e-12 
 2.45470892e+06  4.15866125e-12 
 2.51188643e+06  4.14486703e-12 
 2.57039578e+06  4.13134269e-12 
 2.63026799e+06  4.11808368e-12 
 2.69153480e+06  4.10508551e-12 
 2.75422870e+06  4.09234376e-12 
 2.81838293e+06  4.07985405e-12 
 2.88403150e+06  4.06761206e-12 
 2.95120923e+06  4.05561352e-12 
 3.01995172e+06  4.04385422e-12 
 3.09029543e+06  4.03232999e-12 
 3.16227766e+06  4.02103674e-12 
 3.23593657e+06  4.00997042e-12 
 3.31131121e+06  3.99912703e-12 
 3.38844156e+06  3.98850262e-12 
 3.46736850e+06  3.97809331e-12 
 3.54813389e+06  3.96789526e-12 
 3.63078055e+06  3.95790470e-12 
 3.71535229e+06  3.94811789e-12 
 3.80189396e+06  3.93853117e-12 
 3.89045145e+06  3.92914090e-12 
 3.98107171e+06  3.91994353e-12 
 4.07380278e+06  3.91093553e-12 
 4.16869383e+06  3.90211345e-12 
 4.26579519e+06  3.89347386e-12 
 4.36515832e+06  3.88501342e-12 
 4.46683592e+06  3.87672882e-12 
 4.57088190e+06  3.86861679e-12 
 4.67735141e+06  3.86067413e-12 
 4.78630092e+06  3.85289770e-12 
 4.89778819e+06  3.84528437e-12 
 5.01187234e+06  3.83783111e-12 
 5.12861384e+06  3.83053490e-12 
 5.24807460e+06  3.82339280e-12 
 5.37031796e+06  3.81640188e-12 
 5.49540874e+06  3.80955931e-12 
 5.62341325e+06  3.80286226e-12 
 5.75439937e+06  3.79630798e-12 
 5.88843655e+06  3.78989376e-12 
 6.02559586e+06  3.78361692e-12 
 6.16595002e+06  3.77747484e-12 
 6.30957344e+06  3.77146496e-12 
 6.45654229e+06  3.76558475e-12 
 6.60693448e+06  3.75983171e-12 
 6.76082975e+06  3.75420342e-12 
 6.91830971e+06  3.74869747e-12 
 7.07945784e+06  3.74331152e-12 
 7.24435960e+06  3.73804326e-12 
 7.41310241e+06  3.73289043e-12 
 7.58577575e+06  3.72785081e-12 
 7.76247117e+06  3.72292220e-12 
 7.94328235e+06  3.71810248e-12 
 8.12830516e+06  3.71338955e-12 
 8.31763771e+06  3.70878134e-12 
 8.51138038e+06  3.70427583e-12 
 8.70963590e+06  3.69987105e-12 
 8.91250938e+06  3.69556505e-12 
 9.12010839e+06  3.69135592e-12 
 9.33254301e+06  3.68724180e-12 
 9.54992586e+06  3.68322084e-12 
 9.77237221e+06  3.67929126e-12 
 1.00000000e+07  3.67545128e-12 
 1.02329299e+07  3.67169917e-12 
 1.04712855e+07  3.66803325e-12 
 1.07151931e+07  3.66445183e-12 
 1.09647820e+07  3.66095328e-12 
 1.12201845e+07  3.65753600e-12 
 1.14815362e+07  3.65419841e-12 
 1.17489755e+07  3.65093897e-12 
 1.20226443e+07  3.64775614e-12 
 1.23026877e+07  3.64464844e-12 
 1.25892541e+07  3.64161439e-12 
 1.28824955e+07  3.63865255e-12 
 1.31825674e+07  3.63576150e-12 
 1.34896288e+07  3.63293982e-12 
 1.38038426e+07  3.63018613e-12 
 1.41253754e+07  3.62749908e-12 
 1.44543977e+07  3.62487732e-12 
 1.47910839e+07  3.62231951e-12 
 1.51356125e+07  3.61982434e-12 
 1.54881662e+07  3.61739051e-12 
 1.58489319e+07  3.61501673e-12 
 1.62181010e+07  3.61270172e-12 
 1.65958691e+07  3.61044422e-12 
 1.69824365e+07  3.60824295e-12 
 1.73780083e+07  3.60609667e-12 
 1.77827941e+07  3.60400412e-12 
 1.81970086e+07  3.60196405e-12 
 1.86208714e+07  3.59997523e-12 
 1.90546072e+07  3.59803639e-12 
 1.94984460e+07  3.59614631e-12 
 1.99526231e+07  3.59430372e-12 
 2.04173794e+07  3.59250738e-12 
 2.08929613e+07  3.59075603e-12 
 2.13796209e+07  3.58904840e-12 
 2.18776162e+07  3.58738322e-12 
 2.23872114e+07  3.58575920e-12 
 2.29086765e+07  3.58417507e-12 
 2.34422882e+07  3.58262950e-12 
 2.39883292e+07  3.58112120e-12 
 2.45470892e+07  3.57964883e-12 
 2.51188643e+07  3.57821105e-12 
 2.57039578e+07  3.57680650e-12 
 2.63026799e+07  3.57543383e-12 
 2.69153480e+07  3.57409164e-12 
 2.75422870e+07  3.57277853e-12 
 2.81838293e+07  3.57149308e-12 
 2.88403150e+07  3.57023387e-12 
 2.95120923e+07  3.56899945e-12 
 3.01995172e+07  3.56778836e-12 
 3.09029543e+07  3.56659910e-12 
 3.16227766e+07  3.56543020e-12 
 3.23593657e+07  3.56428014e-12 
 3.31131121e+07  3.56314739e-12 
 3.38844156e+07  3.56203042e-12 
 3.46736850e+07  3.56092767e-12 
 3.54813389e+07  3.55983757e-12 
 3.63078055e+07  3.55875854e-12 
 3.71535229e+07  3.55768899e-12 
 3.80189396e+07  3.55662729e-12 
 3.89045145e+07  3.55557184e-12 
 3.98107171e+07  3.55452100e-12 
 4.07380278e+07  3.55347311e-12 
 4.16869383e+07  3.55242652e-12 
 4.26579519e+07  3.55137955e-12 
 4.36515832e+07  3.55033051e-12 
 4.46683592e+07  3.54927770e-12 
 4.57088190e+07  3.54821941e-12 
 4.67735141e+07  3.54715390e-12 
 4.78630092e+07  3.54607942e-12 
 4.89778819e+07  3.54499421e-12 
 5.01187234e+07  3.54389649e-12 
 5.12861384e+07  3.54278445e-12 
 5.24807460e+07  3.54165628e-12 
 5.37031796e+07  3.54051011e-12 
 5.49540874e+07  3.53934409e-12 
 5.62341325e+07  3.53815631e-12 
 5.75439937e+07  3.53694486e-12 
 5.88843655e+07  3.53570778e-12 
 6.02559586e+07  3.53444307e-12 
 6.16595002e+07  3.53314873e-12 
 6.30957344e+07  3.53182270e-12 
 6.45654229e+07  3.53046287e-12 
 6.60693448e+07  3.52906712e-12 
 6.76082975e+07  3.52763325e-12 
 6.91830971e+07  3.52615905e-12 
 7.07945784e+07  3.52464224e-12 
 7.24435960e+07  3.52308049e-12 
 7.41310241e+07  3.52147142e-12 
 7.58577575e+07  3.51981261e-12 
 7.76247117e+07  3.51810156e-12 
 7.94328235e+07  3.51633572e-12 
 8.12830516e+07  3.51451249e-12 
 8.31763771e+07  3.51262919e-12 
 8.51138038e+07  3.51068309e-12 
 8.70963590e+07  3.50867139e-12 
 8.91250938e+07  3.50659123e-12 
 9.12010839e+07  3.50443968e-12 
 9.33254301e+07  3.50221374e-12 
 9.54992586e+07  3.49991035e-12 
 9.77237221e+07  3.49752640e-12 
 1.00000000e+08  3.49505868e-12 
