 0.00000000e+00 -1.87955259e-10  0.00000000e+00 -3.57837105e-10  0.00000000e+00 -6.78491508e-10  0.00000000e+00 -4.88878569e-07 
 1.00000000e-02  2.94439039e-06  1.00000000e-02  4.10086241e-06  1.00000000e-02  2.15634372e-06  1.00000000e-02  4.43944110e-06 
 2.00000000e-02  5.79183966e-06  2.00000000e-02  7.98560006e-06  2.00000000e-02  4.29300086e-06  2.00000000e-02  9.06568078e-06 
 3.00000000e-02  8.54202633e-06  3.00000000e-02  1.16561305e-05  3.00000000e-02  6.40778566e-06  3.00000000e-02  1.33890011e-05 
 4.00000000e-02  1.11948818e-05  4.00000000e-02  1.51150507e-05  4.00000000e-02  8.49907405e-06  4.00000000e-02  1.74093714e-05 
 5.00000000e-02  1.37504039e-05  5.00000000e-02  1.83652978e-05  5.00000000e-02  1.05651174e-05  5.00000000e-02  2.11276177e-05 
 6.00000000e-02  1.62086571e-05  6.00000000e-02  2.14101698e-05  6.00000000e-02  1.26040355e-05  6.00000000e-02  2.45454439e-05 
 7.00000000e-02  1.85697727e-05  7.00000000e-02  2.42533469e-05  7.00000000e-02  1.46138095e-05  7.00000000e-02  2.76654349e-05 
 8.00000000e-02  2.08339484e-05  8.00000000e-02  2.68989134e-05  8.00000000e-02  1.65922765e-05  8.00000000e-02  3.04910757e-05 
 9.00000000e-02  2.30014496e-05  9.00000000e-02  2.93513771e-05  9.00000000e-02  1.85371245e-05  9.00000000e-02  3.30268408e-05 
 1.00000000e-01  2.50726098e-05  1.00000000e-01  3.16156859e-05  1.00000000e-01  2.04458888e-05  1.00000000e-01  3.52784349e-05 
 1.10000000e-01  2.70478322e-05  1.10000000e-01  3.36972387e-05  1.10000000e-01  2.23159512e-05  1.10000000e-01  3.72532719e-05 
 1.20000000e-01  2.89275911e-05  1.20000000e-01  3.56018899e-05  1.20000000e-01  2.41445417e-05  1.20000000e-01  3.89612488e-05 
 1.30000000e-01  3.07124321e-05  1.30000000e-01  3.73359499e-05  1.30000000e-01  2.59287431e-05  1.30000000e-01  4.04157709e-05 
 1.40000000e-01  3.24029713e-05  1.40000000e-01  3.89061809e-05  1.40000000e-01  2.76655005e-05  1.40000000e-01  4.16348025e-05 
 1.50000000e-01  3.39998915e-05  1.50000000e-01  4.03197943e-05  1.50000000e-01  2.93516360e-05  1.50000000e-01  4.26415002e-05 
 1.60000000e-01  3.55039349e-05  1.60000000e-01  4.15844507e-05  1.60000000e-01  3.09838691e-05  1.60000000e-01  4.34638854e-05 
 1.70000000e-01  3.69158916e-05  1.70000000e-01  4.27082658e-05  1.70000000e-01  3.25588451e-05  1.70000000e-01  4.41332232e-05 
 1.80000000e-01  3.82365836e-05  1.80000000e-01  4.36998198e-05  1.80000000e-01  3.40731701e-05  1.80000000e-01  4.46813433e-05 
 1.90000000e-01  3.94668448e-05  1.90000000e-01  4.45681623e-05  1.90000000e-01  3.55234565e-05  1.90000000e-01  4.51377256e-05 
 2.00000000e-01  4.06075018e-05  2.00000000e-01  4.53227970e-05  2.00000000e-01  3.69063766e-05  2.00000000e-01  4.55273187e-05 
 2.10000000e-01  4.16593610e-05  2.10000000e-01  4.59736275e-05  2.10000000e-01  3.82187264e-05  2.10000000e-01  4.58696199e-05 
 2.20000000e-01  4.26232143e-05  2.20000000e-01  4.65308427e-05  2.20000000e-01  3.94574984e-05  2.20000000e-01  4.61789104e-05 
 2.30000000e-01  4.34998789e-05  2.30000000e-01  4.70047315e-05  2.30000000e-01  4.06199633e-05  2.30000000e-01  4.64651631e-05 
 2.40000000e-01  4.42902959e-05  2.40000000e-01  4.74054362e-05  2.40000000e-01  4.17037573e-05  2.40000000e-01  4.67351347e-05 
 2.50000000e-01  4.49957085e-05  2.50000000e-01  4.77426712e-05  2.50000000e-01  4.27069738e-05  2.50000000e-01  4.69933375e-05 
 2.60000000e-01  4.56179361e-05  2.60000000e-01  4.80254539e-05  2.60000000e-01  4.36282535e-05  2.60000000e-01  4.72427857e-05 
 2.70000000e-01  4.61597296e-05  2.70000000e-01  4.82618936e-05  2.70000000e-01  4.44668687e-05  2.70000000e-01  4.74855215e-05 
 2.80000000e-01  4.66251476e-05  2.80000000e-01  4.84590699e-05  2.80000000e-01  4.52227932e-05  2.80000000e-01  4.77229687e-05 
 2.90000000e-01  4.70198291e-05  2.90000000e-01  4.86230102e-05  2.90000000e-01  4.58967523e-05  2.90000000e-01  4.79455968e-05 
 3.00000000e-01  4.73510139e-05  3.00000000e-01  4.87587532e-05  3.00000000e-01  4.64902502e-05  3.00000000e-01  4.81660300e-05 
 3.10000000e-01  4.76272046e-05  3.10000000e-01  4.88704760e-05  3.10000000e-01  4.70055828e-05  3.10000000e-01  4.84101856e-05 
 3.20000000e-01  4.78575063e-05  3.20000000e-01  4.89616603e-05  3.20000000e-01  4.74458602e-05  3.20000000e-01  4.86518788e-05 
 3.30000000e-01  4.80508325e-05  3.30000000e-01  4.90352782e-05  3.30000000e-01  4.78150861e-05  3.30000000e-01  4.88765931e-05 
 3.40000000e-01  4.82152243e-05  3.40000000e-01  4.90939786e-05  3.40000000e-01  4.81183455e-05  3.40000000e-01  4.90947690e-05 
 3.50000000e-01  4.83574493e-05  3.50000000e-01  4.91402459e-05  3.50000000e-01  4.83620978e-05  3.50000000e-01  4.93101021e-05 
 3.60000000e-01  4.84828993e-05  3.60000000e-01  4.91764862e-05  3.60000000e-01  4.85544166e-05  3.60000000e-01  4.95192331e-05 
 3.70000000e-01  4.85957017e-05  3.70000000e-01  4.92050036e-05  3.70000000e-01  4.87048243e-05  3.70000000e-01  4.97162773e-05 
 3.80000000e-01  4.86989344e-05  3.80000000e-01  4.92278767e-05  3.80000000e-01  4.88234270e-05  3.80000000e-01  4.98958876e-05 
 3.90000000e-01  4.87948571e-05  3.90000000e-01  4.92468190e-05  3.90000000e-01  4.89195684e-05  3.90000000e-01  5.00549339e-05 
 4.00000000e-01  4.88851179e-05  4.00000000e-01  4.92631124e-05  4.00000000e-01  4.90007315e-05  4.00000000e-01  5.01926084e-05 
 4.10000000e-01  4.89709173e-05  4.10000000e-01  4.92776391e-05  4.10000000e-01  4.90722139e-05  4.10000000e-01  5.03097394e-05 
 4.20000000e-01  4.90531333e-05  4.20000000e-01  4.92909728e-05  4.20000000e-01  4.91374523e-05  4.20000000e-01  5.04080442e-05 
 4.30000000e-01  4.91324118e-05  4.30000000e-01  4.93034749e-05  4.30000000e-01  4.91985693e-05  4.30000000e-01  5.04895958e-05 
 4.40000000e-01  4.92092323e-05  4.40000000e-01  4.93153717e-05  4.40000000e-01  4.92568516e-05  4.40000000e-01  5.05565133e-05 
 4.50000000e-01  4.92839543e-05  4.50000000e-01  4.93268059e-05  4.50000000e-01  4.93130809e-05  4.50000000e-01  5.06108158e-05 
 4.60000000e-01  4.93577239e-05  4.60000000e-01  4.93380427e-05  4.60000000e-01  4.93684620e-05  4.60000000e-01  5.06594629e-05 
 4.70000000e-01  4.94289083e-05  4.70000000e-01  4.93487696e-05  4.70000000e-01  4.94217221e-05  4.70000000e-01  5.06930370e-05 
 4.80000000e-01  4.94986606e-05  4.80000000e-01  4.93592371e-05  4.80000000e-01  4.94739548e-05  4.80000000e-01  5.07194154e-05 
 4.90000000e-01  4.95671045e-05  4.90000000e-01  4.93694705e-05  4.90000000e-01  4.95252732e-05  4.90000000e-01  5.07398924e-05 
 5.00000000e-01  4.96343400e-05  5.00000000e-01  4.93794892e-05  5.00000000e-01  4.95757575e-05  5.00000000e-01  5.07558149e-05 
 5.10000000e-01  4.97004486e-05  5.10000000e-01  4.93893083e-05  5.10000000e-01  4.96254663e-05  5.10000000e-01  5.07683488e-05 
 5.20000000e-01  4.97654983e-05  5.20000000e-01  4.93989395e-05  5.20000000e-01  4.96744444e-05  5.20000000e-01  5.07784575e-05 
 5.30000000e-01  4.98295465e-05  5.30000000e-01  4.94083926e-05  5.30000000e-01  4.97227272e-05  5.30000000e-01  5.07868868e-05 
 5.40000000e-01  4.98926424e-05  5.40000000e-01  4.94176759e-05  5.40000000e-01  4.97703438e-05  5.40000000e-01  5.07941780e-05 
 5.50000000e-01  4.99548288e-05  5.50000000e-01  4.94267966e-05  5.50000000e-01  4.98173191e-05  5.50000000e-01  5.08007030e-05 
 5.60000000e-01  5.00161435e-05  5.60000000e-01  4.94357609e-05  5.60000000e-01  4.98636747e-05  5.60000000e-01  5.08067076e-05 
 5.70000000e-01  5.00766201e-05  5.70000000e-01  4.94445746e-05  5.70000000e-01  4.99094301e-05  5.70000000e-01  5.08123504e-05 
 5.80000000e-01  5.01362889e-05  5.80000000e-01  4.94532430e-05  5.80000000e-01  4.99546029e-05  5.80000000e-01  5.08177336e-05 
 5.90000000e-01  5.01951776e-05  5.90000000e-01  4.94617708e-05  5.90000000e-01  4.99992095e-05  5.90000000e-01  5.08229232e-05 
 6.00000000e-01  5.02533115e-05  6.00000000e-01  4.94701626e-05  6.00000000e-01  5.00432653e-05  6.00000000e-01  5.08279629e-05 
 6.10000000e-01  5.03107140e-05  6.10000000e-01  4.94784226e-05  6.10000000e-01  5.00867846e-05  6.10000000e-01  5.08328822e-05 
 6.20000000e-01  5.03674070e-05  6.20000000e-01  4.94865548e-05  6.20000000e-01  5.01297812e-05  6.20000000e-01  5.08377012e-05 
 6.30000000e-01  5.04234109e-05  6.30000000e-01  4.94945630e-05  6.30000000e-01  5.01722681e-05  6.30000000e-01  5.08424343e-05 
 6.40000000e-01  5.04787450e-05  6.40000000e-01  4.95024507e-05  6.40000000e-01  5.02142578e-05  6.40000000e-01  5.08470919e-05 
 6.50000000e-01  5.05334274e-05  6.50000000e-01  4.95102215e-05  6.50000000e-01  5.02557622e-05  6.50000000e-01  5.08516816e-05 
 6.60000000e-01  5.05874753e-05  6.60000000e-01  4.95178787e-05  6.60000000e-01  5.02967930e-05  6.60000000e-01  5.08562094e-05 
 6.70000000e-01  5.06409050e-05  6.70000000e-01  4.95254253e-05  6.70000000e-01  5.03373610e-05  6.70000000e-01  5.08606797e-05 
 6.80000000e-01  5.06937322e-05  6.80000000e-01  4.95328644e-05  6.80000000e-01  5.03774772e-05  6.80000000e-01  5.08650961e-05 
 6.90000000e-01  5.07459717e-05  6.90000000e-01  4.95401988e-05  6.90000000e-01  5.04171516e-05  6.90000000e-01  5.08694617e-05 
 7.00000000e-01  5.07976378e-05  7.00000000e-01  4.95474314e-05  7.00000000e-01  5.04563943e-05  7.00000000e-01  5.08737788e-05 
 7.10000000e-01  5.08487441e-05  7.10000000e-01  4.95545648e-05  7.10000000e-01  5.04952149e-05  7.10000000e-01  5.08780496e-05 
 7.20000000e-01  5.08993037e-05  7.20000000e-01  4.95616017e-05  7.20000000e-01  5.05336227e-05  7.20000000e-01  5.08822758e-05 
 7.30000000e-01  5.09493292e-05  7.30000000e-01  4.95685444e-05  7.30000000e-01  5.05716266e-05  7.30000000e-01  5.08864589e-05 
 7.40000000e-01  5.09988327e-05  7.40000000e-01  4.95753953e-05  7.40000000e-01  5.06092354e-05  7.40000000e-01  5.08906005e-05 
 7.50000000e-01  5.10478259e-05  7.50000000e-01  4.95821568e-05  7.50000000e-01  5.06464575e-05  7.50000000e-01  5.08947017e-05 
 7.60000000e-01  5.10963200e-05  7.60000000e-01  4.95888310e-05  7.60000000e-01  5.06833009e-05  7.60000000e-01  5.08987637e-05 
 7.70000000e-01  5.11443259e-05  7.70000000e-01  4.95954201e-05  7.70000000e-01  5.07197737e-05  7.70000000e-01  5.09027875e-05 
 7.80000000e-01  5.11918541e-05  7.80000000e-01  4.96019262e-05  7.80000000e-01  5.07558834e-05  7.80000000e-01  5.09067742e-05 
 7.90000000e-01  5.12389146e-05  7.90000000e-01  4.96083513e-05  7.90000000e-01  5.07916375e-05  7.90000000e-01  5.09107246e-05 
 8.00000000e-01  5.12855174e-05  8.00000000e-01  4.96146971e-05  8.00000000e-01  5.08270431e-05  8.00000000e-01  5.09146396e-05 
 8.10000000e-01  5.13316717e-05  8.10000000e-01  4.96209657e-05  8.10000000e-01  5.08621074e-05  8.10000000e-01  5.09185201e-05 
 8.20000000e-01  5.13773868e-05  8.20000000e-01  4.96271588e-05  8.20000000e-01  5.08968369e-05  8.20000000e-01  5.09223668e-05 
 8.30000000e-01  5.14226716e-05  8.30000000e-01  4.96332782e-05  8.30000000e-01  5.09312383e-05  8.30000000e-01  5.09261804e-05 
 8.40000000e-01  5.14675345e-05  8.40000000e-01  4.96393254e-05  8.40000000e-01  5.09653181e-05  8.40000000e-01  5.09299617e-05 
 8.50000000e-01  5.15119841e-05  8.50000000e-01  4.96453022e-05  8.50000000e-01  5.09990822e-05  8.50000000e-01  5.09337113e-05 
 8.60000000e-01  5.15560283e-05  8.60000000e-01  4.96512101e-05  8.60000000e-01  5.10325369e-05  8.60000000e-01  5.09374299e-05 
 8.70000000e-01  5.15996750e-05  8.70000000e-01  4.96570507e-05  8.70000000e-01  5.10656879e-05  8.70000000e-01  5.09411182e-05 
 8.80000000e-01  5.16429317e-05  8.80000000e-01  4.96628253e-05  8.80000000e-01  5.10985409e-05  8.80000000e-01  5.09447766e-05 
 8.90000000e-01  5.16858058e-05  8.90000000e-01  4.96685355e-05  8.90000000e-01  5.11311014e-05  8.90000000e-01  5.09484058e-05 
 9.00000000e-01  5.17283046e-05  9.00000000e-01  4.96741825e-05  9.00000000e-01  5.11633748e-05  9.00000000e-01  5.09520064e-05 
 9.10000000e-01  5.17704348e-05  9.10000000e-01  4.96797678e-05  9.10000000e-01  5.11953664e-05  9.10000000e-01  5.09555789e-05 
 9.20000000e-01  5.18122034e-05  9.20000000e-01  4.96852927e-05  9.20000000e-01  5.12270812e-05  9.20000000e-01  5.09591238e-05 
 9.30000000e-01  5.18536169e-05  9.30000000e-01  4.96907583e-05  9.30000000e-01  5.12585241e-05  9.30000000e-01  5.09626417e-05 
 9.40000000e-01  5.18946816e-05  9.40000000e-01  4.96961659e-05  9.40000000e-01  5.12897000e-05  9.40000000e-01  5.09661330e-05 
 9.50000000e-01  5.19354038e-05  9.50000000e-01  4.97015168e-05  9.50000000e-01  5.13206136e-05  9.50000000e-01  5.09695982e-05 
 9.60000000e-01  5.19757894e-05  9.60000000e-01  4.97068120e-05  9.60000000e-01  5.13512693e-05  9.60000000e-01  5.09730378e-05 
 9.70000000e-01  5.20158445e-05  9.70000000e-01  4.97120526e-05  9.70000000e-01  5.13816717e-05  9.70000000e-01  5.09764523e-05 
 9.80000000e-01  5.20555747e-05  9.80000000e-01  4.97172398e-05  9.80000000e-01  5.14118251e-05  9.80000000e-01  5.09798420e-05 
 9.90000000e-01  5.20949855e-05  9.90000000e-01  4.97223746e-05  9.90000000e-01  5.14417337e-05  9.90000000e-01  5.09832074e-05 
 1.00000000e+00  5.21340824e-05  1.00000000e+00  4.97274580e-05  1.00000000e+00  5.14714016e-05  1.00000000e+00  5.09865489e-05 
 1.01000000e+00  5.21728708e-05  1.01000000e+00  4.97324911e-05  1.01000000e+00  5.15008328e-05  1.01000000e+00  5.09898669e-05 
 1.02000000e+00  5.22113557e-05  1.02000000e+00  4.97374747e-05  1.02000000e+00  5.15300312e-05  1.02000000e+00  5.09931619e-05 
 1.03000000e+00  5.22495421e-05  1.03000000e+00  4.97424098e-05  1.03000000e+00  5.15590007e-05  1.03000000e+00  5.09964341e-05 
 1.04000000e+00  5.22874350e-05  1.04000000e+00  4.97472973e-05  1.04000000e+00  5.15877448e-05  1.04000000e+00  5.09996840e-05 
 1.05000000e+00  5.23250391e-05  1.05000000e+00  4.97521382e-05  1.05000000e+00  5.16162674e-05  1.05000000e+00  5.10029119e-05 
 1.06000000e+00  5.23623591e-05  1.06000000e+00  4.97569332e-05  1.06000000e+00  5.16445718e-05  1.06000000e+00  5.10061182e-05 
 1.07000000e+00  5.23993995e-05  1.07000000e+00  4.97616833e-05  1.07000000e+00  5.16726616e-05  1.07000000e+00  5.10093032e-05 
 1.08000000e+00  5.24361647e-05  1.08000000e+00  4.97663892e-05  1.08000000e+00  5.17005402e-05  1.08000000e+00  5.10124672e-05 
 1.09000000e+00  5.24726592e-05  1.09000000e+00  4.97710518e-05  1.09000000e+00  5.17282107e-05  1.09000000e+00  5.10156107e-05 
 1.10000000e+00  5.25088870e-05  1.10000000e+00  4.97756717e-05  1.10000000e+00  5.17556765e-05  1.10000000e+00  5.10187338e-05 
 1.11000000e+00  5.25448524e-05  1.11000000e+00  4.97802499e-05  1.11000000e+00  5.17829406e-05  1.11000000e+00  5.10218369e-05 
 1.12000000e+00  5.25805594e-05  1.12000000e+00  4.97847869e-05  1.12000000e+00  5.18100062e-05  1.12000000e+00  5.10249204e-05 
 1.13000000e+00  5.26160118e-05  1.13000000e+00  4.97892836e-05  1.13000000e+00  5.18368762e-05  1.13000000e+00  5.10279844e-05 
 1.14000000e+00  5.26512136e-05  1.14000000e+00  4.97937405e-05  1.14000000e+00  5.18635535e-05  1.14000000e+00  5.10310294e-05 
 1.15000000e+00  5.26861685e-05  1.15000000e+00  4.97981586e-05  1.15000000e+00  5.18900411e-05  1.15000000e+00  5.10340555e-05 
 1.16000000e+00  5.27208803e-05  1.16000000e+00  4.98025382e-05  1.16000000e+00  5.19163417e-05  1.16000000e+00  5.10370631e-05 
 1.17000000e+00  5.27553524e-05  1.17000000e+00  4.98068803e-05  1.17000000e+00  5.19424580e-05  1.17000000e+00  5.10400524e-05 
 1.18000000e+00  5.27895885e-05  1.18000000e+00  4.98111853e-05  1.18000000e+00  5.19683928e-05  1.18000000e+00  5.10430237e-05 
 1.19000000e+00  5.28235920e-05  1.19000000e+00  4.98154538e-05  1.19000000e+00  5.19941487e-05  1.19000000e+00  5.10459773e-05 
 1.20000000e+00  5.28573662e-05  1.20000000e+00  4.98196866e-05  1.20000000e+00  5.20197282e-05  1.20000000e+00  5.10489133e-05 
 1.21000000e+00  5.28909145e-05  1.21000000e+00  4.98238842e-05  1.21000000e+00  5.20451338e-05  1.21000000e+00  5.10518321e-05 
 1.22000000e+00  5.29242402e-05  1.22000000e+00  4.98280472e-05  1.22000000e+00  5.20703680e-05  1.22000000e+00  5.10547338e-05 
 1.23000000e+00  5.29573464e-05  1.23000000e+00  4.98321761e-05  1.23000000e+00  5.20954332e-05  1.23000000e+00  5.10576188e-05 
 1.24000000e+00  5.29902362e-05  1.24000000e+00  4.98362715e-05  1.24000000e+00  5.21203318e-05  1.24000000e+00  5.10604872e-05 
 1.25000000e+00  5.30229127e-05  1.25000000e+00  4.98403340e-05  1.25000000e+00  5.21450661e-05  1.25000000e+00  5.10633393e-05 
 1.26000000e+00  5.30553790e-05  1.26000000e+00  4.98443641e-05  1.26000000e+00  5.21696384e-05  1.26000000e+00  5.10661752e-05 
 1.27000000e+00  5.30876379e-05  1.27000000e+00  4.98483623e-05  1.27000000e+00  5.21940508e-05  1.27000000e+00  5.10689953e-05 
 1.28000000e+00  5.31196923e-05  1.28000000e+00  4.98523292e-05  1.28000000e+00  5.22183056e-05  1.28000000e+00  5.10717997e-05 
 1.29000000e+00  5.31515452e-05  1.29000000e+00  4.98562652e-05  1.29000000e+00  5.22424049e-05  1.29000000e+00  5.10745887e-05 
 1.30000000e+00  5.31831994e-05  1.30000000e+00  4.98601709e-05  1.30000000e+00  5.22663507e-05  1.30000000e+00  5.10773624e-05 
 1.31000000e+00  5.32146575e-05  1.31000000e+00  4.98640467e-05  1.31000000e+00  5.22901453e-05  1.31000000e+00  5.10801210e-05 
 1.32000000e+00  5.32459224e-05  1.32000000e+00  4.98678932e-05  1.32000000e+00  5.23137906e-05  1.32000000e+00  5.10828648e-05 
 1.33000000e+00  5.32769967e-05  1.33000000e+00  4.98717109e-05  1.33000000e+00  5.23372885e-05  1.33000000e+00  5.10855939e-05 
 1.34000000e+00  5.33078831e-05  1.34000000e+00  4.98755002e-05  1.34000000e+00  5.23606411e-05  1.34000000e+00  5.10883085e-05 
 1.35000000e+00  5.33385841e-05  1.35000000e+00  4.98792616e-05  1.35000000e+00  5.23838504e-05  1.35000000e+00  5.10910089e-05 
 1.36000000e+00  5.33691024e-05  1.36000000e+00  4.98829955e-05  1.36000000e+00  5.24069181e-05  1.36000000e+00  5.10936952e-05 
 1.37000000e+00  5.33994405e-05  1.37000000e+00  4.98867026e-05  1.37000000e+00  5.24298461e-05  1.37000000e+00  5.10963676e-05 
 1.38000000e+00  5.34296009e-05  1.38000000e+00  4.98903831e-05  1.38000000e+00  5.24526364e-05  1.38000000e+00  5.10990264e-05 
 1.39000000e+00  5.34595862e-05  1.39000000e+00  4.98940377e-05  1.39000000e+00  5.24752907e-05  1.39000000e+00  5.11016716e-05 
 1.40000000e+00  5.34893987e-05  1.40000000e+00  4.98976667e-05  1.40000000e+00  5.24978108e-05  1.40000000e+00  5.11043035e-05 
 1.41000000e+00  5.35190410e-05  1.41000000e+00  4.99012707e-05  1.41000000e+00  5.25201986e-05  1.41000000e+00  5.11069222e-05 
 1.42000000e+00  5.35485154e-05  1.42000000e+00  4.99048500e-05  1.42000000e+00  5.25424557e-05  1.42000000e+00  5.11095280e-05 
 1.43000000e+00  5.35778245e-05  1.43000000e+00  4.99084053e-05  1.43000000e+00  5.25645839e-05  1.43000000e+00  5.11121210e-05 
 1.44000000e+00  5.36069705e-05  1.44000000e+00  4.99119370e-05  1.44000000e+00  5.25865849e-05  1.44000000e+00  5.11147015e-05 
 1.45000000e+00  5.36359559e-05  1.45000000e+00  4.99154455e-05  1.45000000e+00  5.26084604e-05  1.45000000e+00  5.11172696e-05 
 1.46000000e+00  5.36647831e-05  1.46000000e+00  4.99189314e-05  1.46000000e+00  5.26302122e-05  1.46000000e+00  5.11198255e-05 
 1.47000000e+00  5.36934544e-05  1.47000000e+00  4.99223951e-05  1.47000000e+00  5.26518418e-05  1.47000000e+00  5.11223695e-05 
 1.48000000e+00  5.37219722e-05  1.48000000e+00  4.99258372e-05  1.48000000e+00  5.26733509e-05  1.48000000e+00  5.11249017e-05 
 1.49000000e+00  5.37503389e-05  1.49000000e+00  4.99292582e-05  1.49000000e+00  5.26947413e-05  1.49000000e+00  5.11274223e-05 
 1.50000000e+00  5.37785567e-05  1.50000000e+00  4.99326586e-05  1.50000000e+00  5.27160145e-05  1.50000000e+00  5.11299315e-05 
