 1.00000000e+06  3.78906533e-12 
 1.02329299e+06  3.78001993e-12 
 1.04712855e+06  3.77115899e-12 
 1.07151931e+06  3.76247907e-12 
 1.09647820e+06  3.75397681e-12 
 1.12201845e+06  3.74564889e-12 
 1.14815362e+06  3.73749202e-12 
 1.17489755e+06  3.72950298e-12 
 1.20226443e+06  3.72167858e-12 
 1.23026877e+06  3.71401569e-12 
 1.25892541e+06  3.70651122e-12 
 1.28824955e+06  3.69916213e-12 
 1.31825674e+06  3.69196542e-12 
 1.34896288e+06  3.68491814e-12 
 1.38038426e+06  3.67801738e-12 
 1.41253754e+06  3.67126028e-12 
 1.44543977e+06  3.66464403e-12 
 1.47910839e+06  3.65816585e-12 
 1.51356125e+06  3.65182300e-12 
 1.54881662e+06  3.64561281e-12 
 1.58489319e+06  3.63953262e-12 
 1.62181010e+06  3.63357983e-12 
 1.65958691e+06  3.62775187e-12 
 1.69824365e+06  3.62204623e-12 
 1.73780083e+06  3.61646042e-12 
 1.77827941e+06  3.61099200e-12 
 1.81970086e+06  3.60563856e-12 
 1.86208714e+06  3.60039774e-12 
 1.90546072e+06  3.59526721e-12 
 1.94984460e+06  3.59024469e-12 
 1.99526231e+06  3.58532791e-12 
 2.04173794e+06  3.58051466e-12 
 2.08929613e+06  3.57580275e-12 
 2.13796209e+06  3.57119006e-12 
 2.18776162e+06  3.56667445e-12 
 2.23872114e+06  3.56225385e-12 
 2.29086765e+06  3.55792621e-12 
 2.34422882e+06  3.55368953e-12 
 2.39883292e+06  3.54954182e-12 
 2.45470892e+06  3.54548113e-12 
 2.51188643e+06  3.54150555e-12 
 2.57039578e+06  3.53761317e-12 
 2.63026799e+06  3.53380215e-12 
 2.69153480e+06  3.53007065e-12 
 2.75422870e+06  3.52641687e-12 
 2.81838293e+06  3.52283903e-12 
 2.88403150e+06  3.51933537e-12 
 2.95120923e+06  3.51590418e-12 
 3.01995172e+06  3.51254376e-12 
 3.09029543e+06  3.50925243e-12 
 3.16227766e+06  3.50602854e-12 
 3.23593657e+06  3.50287045e-12 
 3.31131121e+06  3.49977657e-12 
 3.38844156e+06  3.49674531e-12 
 3.46736850e+06  3.49377510e-12 
 3.54813389e+06  3.49086439e-12 
 3.63078055e+06  3.48801167e-12 
 3.71535229e+06  3.48521542e-12 
 3.80189396e+06  3.48247415e-12 
 3.89045145e+06  3.47978638e-12 
 3.98107171e+06  3.47715066e-12 
 4.07380278e+06  3.47456555e-12 
 4.16869383e+06  3.47202961e-12 
 4.26579519e+06  3.46954142e-12 
 4.36515832e+06  3.46709958e-12 
 4.46683592e+06  3.46470269e-12 
 4.57088190e+06  3.46234938e-12 
 4.67735141e+06  3.46003826e-12 
 4.78630092e+06  3.45776797e-12 
 4.89778819e+06  3.45553714e-12 
 5.01187234e+06  3.45334443e-12 
 5.12861384e+06  3.45118848e-12 
 5.24807460e+06  3.44906796e-12 
 5.37031796e+06  3.44698151e-12 
 5.49540874e+06  3.44492780e-12 
 5.62341325e+06  3.44290549e-12 
 5.75439937e+06  3.44091324e-12 
 5.88843655e+06  3.43894971e-12 
 6.02559586e+06  3.43701355e-12 
 6.16595002e+06  3.43510341e-12 
 6.30957344e+06  3.43321795e-12 
 6.45654229e+06  3.43135579e-12 
 6.60693448e+06  3.42951557e-12 
 6.76082975e+06  3.42769590e-12 
 6.91830971e+06  3.42589541e-12 
 7.07945784e+06  3.42411268e-12 
 7.24435960e+06  3.42234630e-12 
 7.41310241e+06  3.42059484e-12 
 7.58577575e+06  3.41885684e-12 
 7.76247117e+06  3.41713084e-12 
 7.94328235e+06  3.41541535e-12 
 8.12830516e+06  3.41370885e-12 
 8.31763771e+06  3.41200981e-12 
 8.51138038e+06  3.41031668e-12 
 8.70963590e+06  3.40862785e-12 
 8.91250938e+06  3.40694172e-12 
 9.12010839e+06  3.40525662e-12 
 9.33254301e+06  3.40357089e-12 
 9.54992586e+06  3.40188279e-12 
 9.77237221e+06  3.40019058e-12 
 1.00000000e+07  3.39849246e-12 
 1.02329299e+07  3.39678659e-12 
 1.04712855e+07  3.39507109e-12 
 1.07151931e+07  3.39334402e-12 
 1.09647820e+07  3.39160343e-12 
 1.12201845e+07  3.38984727e-12 
 1.14815362e+07  3.38807347e-12 
 1.17489755e+07  3.38627989e-12 
 1.20226443e+07  3.38446435e-12 
 1.23026877e+07  3.38262458e-12 
 1.25892541e+07  3.38075828e-12 
 1.28824955e+07  3.37886307e-12 
 1.31825674e+07  3.37693649e-12 
 1.34896288e+07  3.37497603e-12 
 1.38038426e+07  3.37297910e-12 
 1.41253754e+07  3.37094305e-12 
 1.44543977e+07  3.36886512e-12 
 1.47910839e+07  3.36674251e-12 
 1.51356125e+07  3.36457232e-12 
 1.54881662e+07  3.36235156e-12 
 1.58489319e+07  3.36007717e-12 
 1.62181010e+07  3.35774600e-12 
 1.65958691e+07  3.35535480e-12 
 1.69824365e+07  3.35290025e-12 
 1.73780083e+07  3.35037893e-12 
 1.77827941e+07  3.34778731e-12 
 1.81970086e+07  3.34512180e-12 
 1.86208714e+07  3.34237870e-12 
 1.90546072e+07  3.33955421e-12 
 1.94984460e+07  3.33664444e-12 
 1.99526231e+07  3.33364540e-12 
 2.04173794e+07  3.33055304e-12 
 2.08929613e+07  3.32736317e-12 
 2.13796209e+07  3.32407154e-12 
 2.18776162e+07  3.32067381e-12 
 2.23872114e+07  3.31716554e-12 
 2.29086765e+07  3.31354223e-12 
 2.34422882e+07  3.30979929e-12 
 2.39883292e+07  3.30593204e-12 
 2.45470892e+07  3.30193578e-12 
 2.51188643e+07  3.29780569e-12 
 2.57039578e+07  3.29353693e-12 
 2.63026799e+07  3.28912463e-12 
 2.69153480e+07  3.28456383e-12 
 2.75422870e+07  3.27984959e-12 
 2.81838293e+07  3.27497694e-12 
 2.88403150e+07  3.26994089e-12 
 2.95120923e+07  3.26473647e-12 
 3.01995172e+07  3.25935875e-12 
 3.09029543e+07  3.25380280e-12 
 3.16227766e+07  3.24806378e-12 
 3.23593657e+07  3.24213690e-12 
 3.31131121e+07  3.23601748e-12 
 3.38844156e+07  3.22970093e-12 
 3.46736850e+07  3.22318280e-12 
 3.54813389e+07  3.21645880e-12 
 3.63078055e+07  3.20952483e-12 
 3.71535229e+07  3.20237697e-12 
 3.80189396e+07  3.19501153e-12 
 3.89045145e+07  3.18742509e-12 
 3.98107171e+07  3.17961451e-12 
 4.07380278e+07  3.17157695e-12 
 4.16869383e+07  3.16330991e-12 
 4.26579519e+07  3.15481125e-12 
 4.36515832e+07  3.14607926e-12 
 4.46683592e+07  3.13711260e-12 
 4.57088190e+07  3.12791043e-12 
 4.67735141e+07  3.11847236e-12 
 4.78630092e+07  3.10879852e-12 
 4.89778819e+07  3.09888958e-12 
 5.01187234e+07  3.08874674e-12 
 5.12861384e+07  3.07837183e-12 
 5.24807460e+07  3.06776723e-12 
 5.37031796e+07  3.05693598e-12 
 5.49540874e+07  3.04588176e-12 
 5.62341325e+07  3.03460887e-12 
 5.75439937e+07  3.02312232e-12 
 5.88843655e+07  3.01142777e-12 
 6.02559586e+07  2.99953155e-12 
 6.16595002e+07  2.98744070e-12 
 6.30957344e+07  2.97516290e-12 
 6.45654229e+07  2.96270654e-12 
 6.60693448e+07  2.95008063e-12 
 6.76082975e+07  2.93729486e-12 
 6.91830971e+07  2.92435952e-12 
 7.07945784e+07  2.91128551e-12 
 7.24435960e+07  2.89808431e-12 
 7.41310241e+07  2.88476793e-12 
 7.58577575e+07  2.87134890e-12 
 7.76247117e+07  2.85784020e-12 
 7.94328235e+07  2.84425525e-12 
 8.12830516e+07  2.83060784e-12 
 8.31763771e+07  2.81691210e-12 
 8.51138038e+07  2.80318242e-12 
 8.70963590e+07  2.78943342e-12 
 8.91250938e+07  2.77567992e-12 
 9.12010839e+07  2.76193682e-12 
 9.33254301e+07  2.74821908e-12 
 9.54992586e+07  2.73454169e-12 
 9.77237221e+07  2.72091956e-12 
 1.00000000e+08  2.70736752e-12 
