 1.00000000e+06  2.70125833e-12 
 1.02329299e+06  2.69791108e-12 
 1.04712855e+06  2.69463549e-12 
 1.07151931e+06  2.69143007e-12 
 1.09647820e+06  2.68829335e-12 
 1.12201845e+06  2.68522390e-12 
 1.14815362e+06  2.68222030e-12 
 1.17489755e+06  2.67928116e-12 
 1.20226443e+06  2.67640512e-12 
 1.23026877e+06  2.67359085e-12 
 1.25892541e+06  2.67083701e-12 
 1.28824955e+06  2.66814234e-12 
 1.31825674e+06  2.66550554e-12 
 1.34896288e+06  2.66292538e-12 
 1.38038426e+06  2.66040063e-12 
 1.41253754e+06  2.65793009e-12 
 1.44543977e+06  2.65551257e-12 
 1.47910839e+06  2.65314691e-12 
 1.51356125e+06  2.65083198e-12 
 1.54881662e+06  2.64856664e-12 
 1.58489319e+06  2.64634981e-12 
 1.62181010e+06  2.64418039e-12 
 1.65958691e+06  2.64205732e-12 
 1.69824365e+06  2.63997957e-12 
 1.73780083e+06  2.63794609e-12 
 1.77827941e+06  2.63595588e-12 
 1.81970086e+06  2.63400794e-12 
 1.86208714e+06  2.63210131e-12 
 1.90546072e+06  2.63023501e-12 
 1.94984460e+06  2.62840811e-12 
 1.99526231e+06  2.62661967e-12 
 2.04173794e+06  2.62486878e-12 
 2.08929613e+06  2.62315454e-12 
 2.13796209e+06  2.62147606e-12 
 2.18776162e+06  2.61983247e-12 
 2.23872114e+06  2.61822292e-12 
 2.29086765e+06  2.61664655e-12 
 2.34422882e+06  2.61510253e-12 
 2.39883292e+06  2.61359003e-12 
 2.45470892e+06  2.61210825e-12 
 2.51188643e+06  2.61065639e-12 
 2.57039578e+06  2.60923365e-12 
 2.63026799e+06  2.60783925e-12 
 2.69153480e+06  2.60647243e-12 
 2.75422870e+06  2.60513242e-12 
 2.81838293e+06  2.60381847e-12 
 2.88403150e+06  2.60252982e-12 
 2.95120923e+06  2.60126576e-12 
 3.01995172e+06  2.60002553e-12 
 3.09029543e+06  2.59880843e-12 
 3.16227766e+06  2.59761372e-12 
 3.23593657e+06  2.59644070e-12 
 3.31131121e+06  2.59528866e-12 
 3.38844156e+06  2.59415690e-12 
 3.46736850e+06  2.59304471e-12 
 3.54813389e+06  2.59195139e-12 
 3.63078055e+06  2.59087627e-12 
 3.71535229e+06  2.58981863e-12 
 3.80189396e+06  2.58877780e-12 
 3.89045145e+06  2.58775307e-12 
 3.98107171e+06  2.58674377e-12 
 4.07380278e+06  2.58574920e-12 
 4.16869383e+06  2.58476866e-12 
 4.26579519e+06  2.58380148e-12 
 4.36515832e+06  2.58284695e-12 
 4.46683592e+06  2.58190437e-12 
 4.57088190e+06  2.58097303e-12 
 4.67735141e+06  2.58005225e-12 
 4.78630092e+06  2.57914129e-12 
 4.89778819e+06  2.57823944e-12 
 5.01187234e+06  2.57734598e-12 
 5.12861384e+06  2.57646017e-12 
 5.24807460e+06  2.57558127e-12 
 5.37031796e+06  2.57470853e-12 
 5.49540874e+06  2.57384118e-12 
 5.62341325e+06  2.57297845e-12 
 5.75439937e+06  2.57211956e-12 
 5.88843655e+06  2.57126370e-12 
 6.02559586e+06  2.57041006e-12 
 6.16595002e+06  2.56955782e-12 
 6.30957344e+06  2.56870613e-12 
 6.45654229e+06  2.56785412e-12 
 6.60693448e+06  2.56700091e-12 
 6.76082975e+06  2.56614561e-12 
 6.91830971e+06  2.56528729e-12 
 7.07945784e+06  2.56442501e-12 
 7.24435960e+06  2.56355780e-12 
 7.41310241e+06  2.56268466e-12 
 7.58577575e+06  2.56180460e-12 
 7.76247117e+06  2.56091655e-12 
 7.94328235e+06  2.56001945e-12 
 8.12830516e+06  2.55911219e-12 
 8.31763771e+06  2.55819365e-12 
 8.51138038e+06  2.55726265e-12 
 8.70963590e+06  2.55631800e-12 
 8.91250938e+06  2.55535847e-12 
 9.12010839e+06  2.55438278e-12 
 9.33254301e+06  2.55338963e-12 
 9.54992586e+06  2.55237766e-12 
 9.77237221e+06  2.55134549e-12 
 1.00000000e+07  2.55029168e-12 
 1.02329299e+07  2.54921477e-12 
 1.04712855e+07  2.54811322e-12 
 1.07151931e+07  2.54698547e-12 
 1.09647820e+07  2.54582990e-12 
 1.12201845e+07  2.54464485e-12 
 1.14815362e+07  2.54342861e-12 
 1.17489755e+07  2.54217939e-12 
 1.20226443e+07  2.54089539e-12 
 1.23026877e+07  2.53957472e-12 
 1.25892541e+07  2.53821545e-12 
 1.28824955e+07  2.53681559e-12 
 1.31825674e+07  2.53537309e-12 
 1.34896288e+07  2.53388585e-12 
 1.38038426e+07  2.53235170e-12 
 1.41253754e+07  2.53076842e-12 
 1.44543977e+07  2.52913373e-12 
 1.47910839e+07  2.52744527e-12 
 1.51356125e+07  2.52570066e-12 
 1.54881662e+07  2.52389742e-12 
 1.58489319e+07  2.52203302e-12 
 1.62181010e+07  2.52010490e-12 
 1.65958691e+07  2.51811042e-12 
 1.69824365e+07  2.51604687e-12 
 1.73780083e+07  2.51391152e-12 
 1.77827941e+07  2.51170157e-12 
 1.81970086e+07  2.50941417e-12 
 1.86208714e+07  2.50704643e-12 
 1.90546072e+07  2.50459541e-12 
 1.94984460e+07  2.50205814e-12 
 1.99526231e+07  2.49943163e-12 
 2.04173794e+07  2.49671283e-12 
 2.08929613e+07  2.49389869e-12 
 2.13796209e+07  2.49098615e-12 
 2.18776162e+07  2.48797212e-12 
 2.23872114e+07  2.48485352e-12 
 2.29086765e+07  2.48162728e-12 
 2.34422882e+07  2.47829035e-12 
 2.39883292e+07  2.47483969e-12 
 2.45470892e+07  2.47127232e-12 
 2.51188643e+07  2.46758530e-12 
 2.57039578e+07  2.46377574e-12 
 2.63026799e+07  2.45984083e-12 
 2.69153480e+07  2.45577787e-12 
 2.75422870e+07  2.45158422e-12 
 2.81838293e+07  2.44725740e-12 
 2.88403150e+07  2.44279503e-12 
 2.95120923e+07  2.43819490e-12 
 3.01995172e+07  2.43345495e-12 
 3.09029543e+07  2.42857332e-12 
 3.16227766e+07  2.42354833e-12 
 3.23593657e+07  2.41837854e-12 
 3.31131121e+07  2.41306274e-12 
 3.38844156e+07  2.40759997e-12 
 3.46736850e+07  2.40198955e-12 
 3.54813389e+07  2.39623107e-12 
 3.63078055e+07  2.39032446e-12 
 3.71535229e+07  2.38426996e-12 
 3.80189396e+07  2.37806815e-12 
 3.89045145e+07  2.37171997e-12 
 3.98107171e+07  2.36522672e-12 
 4.07380278e+07  2.35859012e-12 
 4.16869383e+07  2.35181224e-12 
 4.26579519e+07  2.34489559e-12 
 4.36515832e+07  2.33784308e-12 
 4.46683592e+07  2.33065804e-12 
 4.57088190e+07  2.32334424e-12 
 4.67735141e+07  2.31590585e-12 
 4.78630092e+07  2.30834750e-12 
 4.89778819e+07  2.30067422e-12 
 5.01187234e+07  2.29289147e-12 
 5.12861384e+07  2.28500511e-12 
 5.24807460e+07  2.27702141e-12 
 5.37031796e+07  2.26894702e-12 
 5.49540874e+07  2.26078896e-12 
 5.62341325e+07  2.25255460e-12 
 5.75439937e+07  2.24425164e-12 
 5.88843655e+07  2.23588809e-12 
 6.02559586e+07  2.22747223e-12 
 6.16595002e+07  2.21901259e-12 
 6.30957344e+07  2.21051793e-12 
 6.45654229e+07  2.20199719e-12 
 6.60693448e+07  2.19345947e-12 
 6.76082975e+07  2.18491399e-12 
 6.91830971e+07  2.17637004e-12 
 7.07945784e+07  2.16783699e-12 
 7.24435960e+07  2.15932419e-12 
 7.41310241e+07  2.15084099e-12 
 7.58577575e+07  2.14239667e-12 
 7.76247117e+07  2.13400041e-12 
 7.94328235e+07  2.12566129e-12 
 8.12830516e+07  2.11738820e-12 
 8.31763771e+07  2.10918985e-12 
 8.51138038e+07  2.10107473e-12 
 8.70963590e+07  2.09305108e-12 
 8.91250938e+07  2.08512687e-12 
 9.12010839e+07  2.07730978e-12 
 9.33254301e+07  2.06960716e-12 
 9.54992586e+07  2.06202603e-12 
 9.77237221e+07  2.05457307e-12 
 1.00000000e+08  2.04725460e-12 
